$ANSIBLE_VAULT;1.1;AES256
65376534636263666332366166626462643364623464386464633761623137633666386630376566
3430303361333137373065373461333433613561633536640a396463613934376261306634393537
61343936393162393231323761373036346438323436376132386232363434613861663236373337
6536653530646332310a643139656430336535303830613535323938643337633430653233653638
62313131353033363738333237666664373134616637366462333432613330383137643039346162
38306233656633656530313830363962373238353835613032303534633365643466323839323366
32343535386466663133373764313462346538383036643165356437613438323738323366646563
65393930376632366235383666383161376665663131613565393037636636373039663837393034
34366435373437323165363764653732396535663538396463313532353563663934363331393962
39323538303435623635303730333738326663623866626534613633306266363961653039643630
34326664343066623764393465396439343430326533633139323464336161353833613362616565
66336435383866316536333961336632343338366537653632653263333435616634636563353163
35326565336636626133623434623337343131303139663061376135366565356464653063633064
63306530653839383364613338353235353632326134396331383533343238346532626161346364
38363065373238653333363230313037663439323932383162626432333563306539343161386161
65323630616639313237656662356532346433613666303938333861386334613939623836336164
66393661353566303262633761336461313366396538366434653461306635613863643232366537
30363839346632663535323237333664363733656535383130393165613264363632386262373132
33643064313838626331333565616637313963343932373034656561326230636335666636303961
39396136383331613464343537313031653830663237303135643832346464393563623336626237
61643562326661336234316365633963646263623663646633393838616132303964613534303232
62623266623662353063366538616530306531643362656630376264383836323838323963323533
63386662343437326539313264306162343261396362656231363761333132626365353832323434
35613964663730313863623064393031643735316636333932376361353261396232303332396637
30313434666335613430643538333234616635353134366361343331313730373932363038386235
36346566303334656562363931633030363234316238646466363638383534613963363064353837
626139653739396636653331313632653538
